40
4 10 100
1 2 3 4
8 4 50
1 2 3 4 50 90 91 100
1 1 1
58
1 3 5
5
2 1 1
40 79
2 2 1
43 58
2 3 1
4 68
100 1 1
13 23 32 40 42 63 68 73 74 84 91 96 101 107 127 140 141 149 150 163 176 183 192 202 206 209 214 221 244 248 249 256 282 283 298 305 306 317 352 376 377 380 403 422 429 434 475 478 487 509 514 520 530 546 548 551 556 564 567 568 573 594 601 626 640 666 668 675 698 715 735 741 748 756 757 769 776 782 785 804 805 826 830 831 833 868 887 893 900 901 902 915 932 936 941 944 967 975 983 996
100 1 10
6 12 17 19 32 55 57 64 68 71 77 96 112 118 137 142 162 193 196 202 207 210 214 230 236 243 257 272 286 295 297 301 307 309 322 330 342 353 359 362 373 387 388 404 406 432 463 468 480 488 507 513 518 525 534 536 542 543 544 563 589 597 613 623 629 630 641 643 648 653 668 688 696 743 744 748 760 774 788 806 810 831 838 841 859 865 871 872 873 889 897 900 921 922 950 954 968 975 978 990
100 1 100
7 27 31 34 42 50 67 81 87 90 105 109 120 122 123 125 131 144 149 159 161 190 193 217 218 236 245 248 249 261 267 271 273 284 289 299 304 305 324 327 332 333 337 338 345 382 409 421 445 449 454 456 458 480 481 503 513 518 535 543 581 583 592 612 632 635 640 648 650 656 679 694 701 704 708 721 722 726 735 737 742 752 753 758 772 786 798 811 831 840 870 872 878 890 901 903 913 917 934 936
100 1 1000
6 14 36 65 75 81 118 121 148 152 159 168 175 181 184 206 209 210 218 219 236 247 248 261 270 277 287 301 315 344 346 376 403 414 420 437 438 444 455 456 457 487 506 514 542 546 568 569 588 590 597 598 604 613 618 626 630 638 643 656 657 662 669 673 679 680 683 692 701 732 736 737 740 768 779 780 785 793 798 800 806 812 825 832 835 837 842 845 857 863 866 874 891 895 903 913 935 957 976 977
100 2 1
9 22 44 46 51 54 56 57 59 71 75 120 143 147 154 158 159 163 170 172 173 174 187 188 212 222 225 227 243 247 251 252 255 285 295 301 305 319 322 336 339 341 348 350 363 379 390 409 412 427 444 446 448 460 464 473 476 485 489 492 496 497 498 507 515 520 536 551 563 610 615 619 631 648 660 674 682 691 707 713 725 730 732 764 779 788 802 849 868 878 894 904 905 930 931 933 957 963 985 987
100 2 10
11 17 22 39 46 62 72 87 91 97 107 134 137 152 157 173 179 196 202 204 208 237 241 252 253 303 317 325 327 332 334 343 345 346 379 387 398 404 405 416 425 429 436 455 470 476 490 493 494 545 551 556 558 566 577 590 595 607 608 619 625 635 637 652 657 670 680 685 686 688 692 702 713 727 740 744 756 762 766 769 771 780 794 804 805 809 810 818 825 831 834 893 912 918 959 965 969 983 985 990
100 2 100
5 7 14 27 37 46 57 62 76 116 119 125 129 151 153 158 164 176 197 199 206 213 222 235 236 238 250 268 272 273 277 289 293 294 306 308 309 311 330 367 378 391 401 402 421 427 429 445 461 475 488 493 504 507 511 526 539 554 556 557 559 562 576 579 580 589 597 608 611 612 622 635 642 643 650 652 653 654 656 686 740 753 779 785 787 796 801 804 814 827 866 867 895 936 943 949 962 974 980 992
100 2 1000
22 23 33 50 51 70 108 111 129 134 142 146 157 160 161 172 183 198 203 212 216 230 235 240 244 255 261 272 276 279 284 288 318 329 336 345 350 356 370 385 388 393 404 413 427 435 452 453 457 459 465 473 489 491 495 513 515 517 528 550 554 555 556 560 576 582 603 604 611 612 617 629 652 670 679 682 697 699 712 713 715 729 740 756 767 773 810 813 814 829 849 850 852 868 895 960 964 967 972 973
100 5 1
5 7 21 26 61 93 101 103 110 114 129 135 142 150 191 203 224 227 234 248 258 264 269 289 302 318 325 332 334 358 365 366 369 376 378 379 404 418 421 422 428 437 441 445 455 459 460 478 486 487 492 510 512 514 532 534 544 556 571 581 583 591 600 613 618 620 638 643 665 677 678 683 696 698 705 710 713 727 756 775 776 777 794 797 805 809 822 846 851 852 855 857 877 927 931 932 955 969 970 991
100 5 10
10 35 63 72 74 77 123 125 131 133 135 137 138 157 171 174 190 211 221 231 238 243 244 262 294 305 310 336 356 361 366 374 378 386 387 395 401 425 432 433 436 437 460 467 476 481 482 508 509 526 527 547 573 579 591 596 597 610 619 626 628 649 655 659 661 666 670 672 693 694 719 721 736 746 756 758 764 770 777 780 782 784 802 803 822 843 848 853 863 897 898 914 922 934 949 958 968 986 994 999
100 5 100
2 16 18 22 44 55 78 137 146 151 160 177 178 184 185 186 202 227 266 272 282 289 301 305 311 314 315 350 356 371 380 381 398 399 400 406 408 413 414 444 454 462 466 467 484 488 489 492 495 509 510 519 527 539 540 548 558 569 576 582 591 596 599 613 614 629 633 638 652 654 662 676 686 690 698 733 738 743 754 759 760 774 793 815 818 856 859 860 866 868 877 878 886 902 912 925 935 938 974 995
100 5 1000
2 12 30 42 44 53 65 68 72 99 103 105 118 123 130 131 135 137 155 165 171 181 199 205 209 222 225 238 244 297 299 300 328 329 334 339 354 362 366 377 434 435 440 442 444 466 487 492 503 532 533 548 562 564 584 596 598 601 607 622 626 632 636 638 643 659 663 670 671 673 675 682 684 699 700 708 738 750 754 778 782 805 809 828 838 857 862 872 874 885 927 930 933 935 937 954 972 975 984 999
100 10 1
5 35 46 47 86 89 94 100 102 117 126 138 143 156 158 162 165 167 171 192 195 201 236 237 244 247 253 258 272 273 281 296 298 302 312 318 324 325 328 330 352 365 375 380 384 414 416 446 447 449 457 458 468 481 484 490 499 506 519 539 540 544 554 563 591 600 618 642 644 649 653 706 731 734 737 739 742 758 766 769 784 789 794 841 847 853 872 880 890 900 915 931 936 942 964 969 977 980 991 999
100 10 10
3 8 32 37 41 63 64 73 77 105 111 115 118 121 141 146 162 178 193 209 214 245 248 316 323 325 329 350 354 367 370 375 380 387 388 389 394 399 403 409 413 414 418 425 426 433 464 471 495 498 503 505 516 541 568 571 582 592 597 626 639 641 642 647 659 663 664 667 671 676 679 702 706 735 754 755 763 768 772 806 829 854 861 897 901 902 904 908 913 914 920 928 944 954 959 960 973 986 987 993
100 10 100
19 26 29 39 53 67 72 82 89 91 95 110 115 122 124 128 134 138 154 171 172 173 186 192 195 196 201 205 214 218 262 277 278 284 289 299 306 327 335 341 344 364 367 369 372 405 422 426 439 460 466 469 473 482 494 502 504 506 511 513 526 563 588 591 592 664 666 669 675 685 687 690 700 708 719 721 734 752 755 757 783 792 794 799 822 833 840 846 856 858 860 867 883 885 913 933 957 965 972 988
100 10 1000
6 31 56 61 78 80 84 86 87 108 123 128 141 149 164 165 168 173 178 184 194 207 216 242 244 250 252 257 261 267 273 274 285 286 294 297 304 314 325 327 330 333 334 346 360 370 387 397 406 418 428 429 439 445 449 455 458 477 495 496 511 516 523 595 604 610 635 639 648 666 668 680 693 697 731 732 733 739 750 771 785 787 789 798 818 829 856 859 864 871 874 882 912 932 935 962 966 990 996 1000
100 23 1
7 21 64 74 75 78 105 126 127 144 145 150 159 168 178 189 195 200 205 207 217 225 249 252 262 263 290 300 308 320 340 364 374 376 398 401 403 410 430 447 453 455 462 467 471 506 519 520 533 561 573 574 584 586 599 602 603 610 615 624 627 639 659 664 689 696 703 716 723 730 732 750 752 760 763 771 788 789 791 796 814 816 826 832 844 865 868 879 888 895 917 947 948 952 955 957 959 960 964 974
100 23 10
9 10 32 40 56 70 77 83 85 95 100 127 144 159 175 183 198 203 215 229 247 257 258 271 284 290 300 303 310 330 335 341 352 356 361 364 375 395 396 428 437 440 449 452 461 468 479 481 496 497 521 549 553 563 577 599 611 613 614 622 624 629 643 657 664 667 670 678 679 702 704 705 732 734 742 743 750 756 765 785 791 793 820 829 832 838 873 874 883 886 892 896 925 939 948 962 967 975 987 999
100 23 100
17 27 36 60 68 79 91 94 96 97 101 102 105 106 122 126 128 132 139 147 154 190 208 214 225 244 257 263 271 285 288 291 300 304 307 319 337 342 376 382 386 410 433 445 451 458 465 471 476 512 514 521 522 524 547 558 561 563 566 604 607 609 612 626 628 633 636 644 645 656 668 674 677 678 695 706 714 732 737 796 809 821 823 834 845 848 860 867 869 880 911 926 937 955 956 961 962 990 993 999
100 23 1000
3 5 12 16 30 31 44 49 56 58 80 86 97 109 120 123 150 152 161 163 174 188 210 223 226 242 268 280 285 305 306 317 328 332 337 343 365 373 387 415 419 430 440 464 482 494 495 506 529 537 539 548 550 582 586 588 601 602 605 620 632 635 636 637 647 663 697 703 705 719 728 735 757 791 807 808 810 814 828 830 831 832 834 842 858 885 894 902 909 916 921 924 926 927 938 946 969 979 994 995
100 100 1
1 18 26 27 36 47 48 51 52 54 68 69 72 75 76 81 84 89 96 97 103 105 110 111 113 119 120 127 129 146 160 162 172 174 204 208 210 238 271 280 310 319 350 360 383 396 398 421 434 440 445 449 474 499 507 510 550 561 566 573 590 599 605 609 619 631 638 648 658 660 673 678 684 710 724 729 730 737 749 750 754 770 784 798 807 836 840 844 860 861 876 897 916 919 941 949 950 954 964 985
100 100 10
35 57 59 65 79 82 99 108 126 148 150 157 161 179 182 191 193 197 230 234 238 255 257 261 265 274 282 287 305 309 316 328 335 342 343 358 359 382 403 413 417 420 422 423 441 463 471 472 476 491 492 497 499 516 531 536 551 573 581 595 600 620 628 632 643 652 660 664 670 677 694 697 698 701 703 707 720 723 727 753 762 773 782 786 805 815 821 848 851 876 891 900 911 916 919 955 970 982 985 997
100 100 100
4 10 11 15 17 19 25 39 55 69 71 73 80 98 105 106 117 135 164 174 178 188 194 196 215 224 251 268 278 288 293 302 304 311 320 322 341 343 366 373 381 383 389 392 404 406 409 410 423 431 432 435 441 442 451 473 481 488 529 530 540 568 578 591 610 617 618 622 625 631 649 655 688 741 762 772 780 814 834 849 870 872 883 895 899 907 917 918 936 947 950 964 974 978 981 987 989 990 991 1000
100 100 1000
11 12 36 37 38 53 55 56 69 85 89 124 151 176 193 218 232 244 245 251 268 287 309 311 318 344 353 362 395 416 423 428 429 448 458 465 467 468 491 495 504 509 517 537 545 555 559 569 590 591 595 610 621 640 644 645 652 653 677 678 680 690 695 697 698 709 731 734 737 741 767 773 776 777 784 792 794 806 808 816 832 848 850 895 901 908 910 912 918 925 930 936 944 945 955 964 972 982 990 992
100 99 1
8 9 11 15 38 52 54 105 106 122 126 163 170 175 176 189 200 244 251 253 256 259 261 263 264 270 275 298 322 330 338 339 346 348 351 353 374 378 388 392 403 449 451 461 462 467 475 490 496 515 521 535 569 572 577 593 596 601 614 626 649 688 695 708 714 717 724 736 762 765 789 791 798 800 804 834 845 849 855 882 884 885 894 901 914 931 941 943 945 954 963 964 968 971 972 975 976 984 987 993
100 99 10
2 14 16 28 52 56 104 111 113 133 138 142 146 154 155 158 162 166 171 175 192 201 205 210 215 219 256 259 281 283 295 306 308 310 338 356 357 362 373 376 380 390 396 403 411 429 446 452 457 463 468 473 493 508 510 519 522 525 542 558 559 575 594 597 638 657 668 672 683 687 690 700 715 727 741 757 767 783 800 810 811 821 835 840 849 864 866 874 891 898 904 912 918 925 928 935 940 958 969 990
100 99 100
4 42 46 56 61 77 88 104 107 132 140 149 156 170 171 175 186 216 222 247 250 254 268 275 281 301 304 326 364 376 390 399 404 414 415 416 436 445 456 457 459 466 469 490 496 499 504 512 517 523 532 558 564 575 580 585 596 599 617 622 644 657 676 679 689 693 695 698 703 715 725 743 755 782 798 826 831 837 841 847 856 857 874 895 901 903 905 921 924 932 935 938 940 948 965 966 969 971 977 986
100 99 1000
4 15 16 26 28 31 35 38 61 84 97 108 130 141 151 156 157 168 175 198 207 223 232 238 245 247 250 258 262 264 271 284 285 296 302 304 323 330 333 337 343 352 366 378 393 406 407 421 440 448 464 466 472 492 518 519 521 542 544 565 570 593 631 637 644 648 651 655 665 667 669 673 678 691 692 712 722 725 765 780 791 805 829 832 845 853 858 887 896 904 927 929 934 935 956 959 966 977 988 999
100 100 100
1 2 3 4 5 6 7 8 9 10 11 12 13 14 15 16 17 18 19 20 21 22 23 24 25 26 27 28 29 30 31 32 33 34 35 36 37 38 39 40 41 42 43 44 45 46 47 48 49 50 951 952 953 954 955 956 957 958 959 960 961 962 963 964 965 966 967 968 969 970 971 972 973 974 975 976 977 978 979 980 981 982 983 984 985 986 987 988 989 990 991 992 993 994 995 996 997 998 999 1000
100 10 40
1 2 3 4 5 6 7 8 9 10 11 12 13 14 15 16 17 18 19 20 151 152 153 154 155 156 157 158 159 160 161 162 163 164 165 166 167 168 169 170 301 302 303 304 305 306 307 308 309 310 311 312 313 314 315 316 317 318 319 320 451 452 453 454 455 456 457 458 459 460 461 462 463 464 465 466 467 468 469 470 601 602 603 604 605 606 607 608 609 610 611 612 613 614 615 616 617 618 619 620
100 100 100
1 2 3 4 5 6 7 8 9 10 11 12 13 14 15 16 17 18 19 20 21 22 23 24 25 201 202 203 204 205 206 207 208 209 210 211 212 213 214 215 216 217 218 219 220 221 222 223 224 225 401 402 403 404 405 406 407 408 409 410 411 412 413 414 415 416 417 418 419 420 421 422 423 424 425 601 602 603 604 605 606 607 608 609 610 611 612 613 614 615 616 617 618 619 620 621 622 623 624 625
100 10 10
1 2 3 4 5 41 42 43 44 45 81 82 83 84 85 121 122 123 124 125 161 162 163 164 165 201 202 203 204 205 241 242 243 244 245 281 282 283 284 285 321 322 323 324 325 361 362 363 364 365 401 402 403 404 405 441 442 443 444 445 481 482 483 484 485 521 522 523 524 525 561 562 563 564 565 601 602 603 604 605 641 642 643 644 645 681 682 683 684 685 721 722 723 724 725 761 762 763 764 765
1 2 1000
1000
